# Testing create state file 

#Bases position:
qtd 2
0.45, 0.0, 0.1, 0.1
0.45, 0.9, 0.1, 0.1
	
#battlefields position:
qtd 3
0.10, 0.4, 0.14, 0.2
0.41, 0.4, 0.14, 0.2
0.72, 0.4, 0.14, 0.2

#paths: origin, destination, x, y
qtd 8
path 3
0, 2, 0.5, 0.2
0, 2, 0.25, 0.2
0, 2, 0.25, 0.5

path 2
0, 3, 0.5, 0.2
0, 3, 0.5, 0.5

path 2
2, 3, 0.15, 0.48
2, 3, 0.5, 0.48

path 2
3, 2, 0.45, 0.48
3, 2, 0.15, 0.48

path 2
3, 4, 0.45, 0.48
3, 4, 0.8, 0.48

path 2
4, 3, 0.78, 0.48
4, 3, 0.45, 0.48

path 2
1, 3, 0.47, 0.75
1, 3, 0.47, 0.4

path 3
1, 4, 0.45, 0.88
1, 4, 0.78, 0.88
1, 4, 0.78, 0.4